TABLE NO.  1
 ID          VC          CL          KA          ETA1        ETA2        ETA3
  1.0000E+00  7.2995E+00  1.0785E-01  7.8624E-01 -3.2205E-01 -1.5683E-01 -1.4998E-01
  1.0000E+00  7.2995E+00  1.0785E-01  7.8624E-01 -3.2205E-01 -1.5683E-01 -1.4998E-01
  1.0000E+00  7.2995E+00  1.0785E-01  7.8624E-01 -3.2205E-01 -1.5683E-01 -1.4998E-01
  1.0000E+00  7.2995E+00  1.0785E-01  7.8624E-01 -3.2205E-01 -1.5683E-01 -1.4998E-01
  1.0000E+00  7.2995E+00  1.0785E-01  7.8624E-01 -3.2205E-01 -1.5683E-01 -1.4998E-01
  1.0000E+00  7.2995E+00  1.0785E-01  7.8624E-01 -3.2205E-01 -1.5683E-01 -1.4998E-01
  1.0000E+00  7.2995E+00  1.0785E-01  7.8624E-01 -3.2205E-01 -1.5683E-01 -1.4998E-01
  1.0000E+00  7.2995E+00  1.0785E-01  7.8624E-01 -3.2205E-01 -1.5683E-01 -1.4998E-01
  1.0000E+00  7.2995E+00  1.0785E-01  7.8624E-01 -3.2205E-01 -1.5683E-01 -1.4998E-01
  2.0000E+00  8.4881E+00  1.3564E-01  1.7570E+00 -9.2801E-02 -5.9712E-03  6.5414E-01
  2.0000E+00  8.4881E+00  1.3564E-01  1.7570E+00 -9.2801E-02 -5.9712E-03  6.5414E-01
  2.0000E+00  8.4881E+00  1.3564E-01  1.7570E+00 -9.2801E-02 -5.9712E-03  6.5414E-01
  2.0000E+00  8.4881E+00  1.3564E-01  1.7570E+00 -9.2801E-02 -5.9712E-03  6.5414E-01
  2.0000E+00  8.4881E+00  1.3564E-01  1.7570E+00 -9.2801E-02 -5.9712E-03  6.5414E-01
  2.0000E+00  8.4881E+00  1.3564E-01  1.7570E+00 -9.2801E-02 -5.9712E-03  6.5414E-01
  2.0000E+00  8.4881E+00  1.3564E-01  1.7570E+00 -9.2801E-02 -5.9712E-03  6.5414E-01
  2.0000E+00  8.4881E+00  1.3564E-01  1.7570E+00 -9.2801E-02 -5.9712E-03  6.5414E-01
  2.0000E+00  8.4881E+00  1.3564E-01  1.7570E+00 -9.2801E-02 -5.9712E-03  6.5414E-01
  3.0000E+00  8.0374E+00  1.9082E-01  4.3825E+00  2.4856E-01 -6.0534E-02  1.5681E+00
  3.0000E+00  8.0374E+00  1.9082E-01  4.3825E+00  2.4856E-01 -6.0534E-02  1.5681E+00
  3.0000E+00  8.0374E+00  1.9082E-01  4.3825E+00  2.4856E-01 -6.0534E-02  1.5681E+00
  3.0000E+00  8.0374E+00  1.9082E-01  4.3825E+00  2.4856E-01 -6.0534E-02  1.5681E+00
  3.0000E+00  8.0374E+00  1.9082E-01  4.3825E+00  2.4856E-01 -6.0534E-02  1.5681E+00
  3.0000E+00  8.0374E+00  1.9082E-01  4.3825E+00  2.4856E-01 -6.0534E-02  1.5681E+00
  3.0000E+00  8.0374E+00  1.9082E-01  4.3825E+00  2.4856E-01 -6.0534E-02  1.5681E+00
  3.0000E+00  8.0374E+00  1.9082E-01  4.3825E+00  2.4856E-01 -6.0534E-02  1.5681E+00
  3.0000E+00  8.0374E+00  1.9082E-01  4.3825E+00  2.4856E-01 -6.0534E-02  1.5681E+00
  4.0000E+00  8.3705E+00  1.5630E-01  2.5564E-01  4.9010E-02 -1.9925E-02 -1.2735E+00
  4.0000E+00  8.3705E+00  1.5630E-01  2.5564E-01  4.9010E-02 -1.9925E-02 -1.2735E+00
  4.0000E+00  8.3705E+00  1.5630E-01  2.5564E-01  4.9010E-02 -1.9925E-02 -1.2735E+00
  4.0000E+00  8.3705E+00  1.5630E-01  2.5564E-01  4.9010E-02 -1.9925E-02 -1.2735E+00
  4.0000E+00  8.3705E+00  1.5630E-01  2.5564E-01  4.9010E-02 -1.9925E-02 -1.2735E+00
  4.0000E+00  8.3705E+00  1.5630E-01  2.5564E-01  4.9010E-02 -1.9925E-02 -1.2735E+00
  4.0000E+00  8.3705E+00  1.5630E-01  2.5564E-01  4.9010E-02 -1.9925E-02 -1.2735E+00
  4.0000E+00  8.3705E+00  1.5630E-01  2.5564E-01  4.9010E-02 -1.9925E-02 -1.2735E+00
  4.0000E+00  8.3705E+00  1.5630E-01  2.5564E-01  4.9010E-02 -1.9925E-02 -1.2735E+00
  5.0000E+00  9.9836E+00  1.3996E-01  2.7536E-01 -6.1440E-02  1.5631E-01 -1.1992E+00
  5.0000E+00  9.9836E+00  1.3996E-01  2.7536E-01 -6.1440E-02  1.5631E-01 -1.1992E+00
  5.0000E+00  9.9836E+00  1.3996E-01  2.7536E-01 -6.1440E-02  1.5631E-01 -1.1992E+00
  5.0000E+00  9.9836E+00  1.3996E-01  2.7536E-01 -6.1440E-02  1.5631E-01 -1.1992E+00
  5.0000E+00  9.9836E+00  1.3996E-01  2.7536E-01 -6.1440E-02  1.5631E-01 -1.1992E+00
  5.0000E+00  9.9836E+00  1.3996E-01  2.7536E-01 -6.1440E-02  1.5631E-01 -1.1992E+00
  5.0000E+00  9.9836E+00  1.3996E-01  2.7536E-01 -6.1440E-02  1.5631E-01 -1.1992E+00
  5.0000E+00  9.9836E+00  1.3996E-01  2.7536E-01 -6.1440E-02  1.5631E-01 -1.1992E+00
  5.0000E+00  9.9836E+00  1.3996E-01  2.7536E-01 -6.1440E-02  1.5631E-01 -1.1992E+00
  6.0000E+00  7.6702E+00  1.0780E-01  4.9943E+00 -3.2252E-01 -1.0730E-01  1.6988E+00
  6.0000E+00  7.6702E+00  1.0780E-01  4.9943E+00 -3.2252E-01 -1.0730E-01  1.6988E+00
  6.0000E+00  7.6702E+00  1.0780E-01  4.9943E+00 -3.2252E-01 -1.0730E-01  1.6988E+00
  6.0000E+00  7.6702E+00  1.0780E-01  4.9943E+00 -3.2252E-01 -1.0730E-01  1.6988E+00
  6.0000E+00  7.6702E+00  1.0780E-01  4.9943E+00 -3.2252E-01 -1.0730E-01  1.6988E+00
  6.0000E+00  7.6702E+00  1.0780E-01  4.9943E+00 -3.2252E-01 -1.0730E-01  1.6988E+00
  6.0000E+00  7.6702E+00  1.0780E-01  4.9943E+00 -3.2252E-01 -1.0730E-01  1.6988E+00
  6.0000E+00  7.6702E+00  1.0780E-01  4.9943E+00 -3.2252E-01 -1.0730E-01  1.6988E+00
  6.0000E+00  7.6702E+00  1.0780E-01  4.9943E+00 -3.2252E-01 -1.0730E-01  1.6988E+00
  7.0000E+00  8.1665E+00  1.2167E-01  3.0812E+00 -2.0148E-01 -4.4597E-02  1.2158E+00
  7.0000E+00  8.1665E+00  1.2167E-01  3.0812E+00 -2.0148E-01 -4.4597E-02  1.2158E+00
  7.0000E+00  8.1665E+00  1.2167E-01  3.0812E+00 -2.0148E-01 -4.4597E-02  1.2158E+00
  7.0000E+00  8.1665E+00  1.2167E-01  3.0812E+00 -2.0148E-01 -4.4597E-02  1.2158E+00
  7.0000E+00  8.1665E+00  1.2167E-01  3.0812E+00 -2.0148E-01 -4.4597E-02  1.2158E+00
  7.0000E+00  8.1665E+00  1.2167E-01  3.0812E+00 -2.0148E-01 -4.4597E-02  1.2158E+00
  7.0000E+00  8.1665E+00  1.2167E-01  3.0812E+00 -2.0148E-01 -4.4597E-02  1.2158E+00
  7.0000E+00  8.1665E+00  1.2167E-01  3.0812E+00 -2.0148E-01 -4.4597E-02  1.2158E+00
  7.0000E+00  8.1665E+00  1.2167E-01  3.0812E+00 -2.0148E-01 -4.4597E-02  1.2158E+00
  8.0000E+00  8.9012E+00  1.6752E-01  4.3015E-01  1.1832E-01  4.1539E-02 -7.5311E-01
  8.0000E+00  8.9012E+00  1.6752E-01  4.3015E-01  1.1832E-01  4.1539E-02 -7.5311E-01
  8.0000E+00  8.9012E+00  1.6752E-01  4.3015E-01  1.1832E-01  4.1539E-02 -7.5311E-01
  8.0000E+00  8.9012E+00  1.6752E-01  4.3015E-01  1.1832E-01  4.1539E-02 -7.5311E-01
  8.0000E+00  8.9012E+00  1.6752E-01  4.3015E-01  1.1832E-01  4.1539E-02 -7.5311E-01
  8.0000E+00  8.9012E+00  1.6752E-01  4.3015E-01  1.1832E-01  4.1539E-02 -7.5311E-01
  8.0000E+00  8.9012E+00  1.6752E-01  4.3015E-01  1.1832E-01  4.1539E-02 -7.5311E-01
  8.0000E+00  8.9012E+00  1.6752E-01  4.3015E-01  1.1832E-01  4.1539E-02 -7.5311E-01
  8.0000E+00  8.9012E+00  1.6752E-01  4.3015E-01  1.1832E-01  4.1539E-02 -7.5311E-01
  9.0000E+00  8.8031E+00  1.2652E-01  1.0031E+00 -1.6242E-01  3.0468E-02  9.3628E-02
  9.0000E+00  8.8031E+00  1.2652E-01  1.0031E+00 -1.6242E-01  3.0468E-02  9.3628E-02
  9.0000E+00  8.8031E+00  1.2652E-01  1.0031E+00 -1.6242E-01  3.0468E-02  9.3628E-02
  9.0000E+00  8.8031E+00  1.2652E-01  1.0031E+00 -1.6242E-01  3.0468E-02  9.3628E-02
  9.0000E+00  8.8031E+00  1.2652E-01  1.0031E+00 -1.6242E-01  3.0468E-02  9.3628E-02
  9.0000E+00  8.8031E+00  1.2652E-01  1.0031E+00 -1.6242E-01  3.0468E-02  9.3628E-02
  9.0000E+00  8.8031E+00  1.2652E-01  1.0031E+00 -1.6242E-01  3.0468E-02  9.3628E-02
  9.0000E+00  8.8031E+00  1.2652E-01  1.0031E+00 -1.6242E-01  3.0468E-02  9.3628E-02
  9.0000E+00  8.8031E+00  1.2652E-01  1.0031E+00 -1.6242E-01  3.0468E-02  9.3628E-02
  1.0000E+01  8.5987E+00  2.2463E-01  2.6752E-01  4.1167E-01  6.9667E-03 -1.2280E+00
  1.0000E+01  8.5987E+00  2.2463E-01  2.6752E-01  4.1167E-01  6.9667E-03 -1.2280E+00
  1.0000E+01  8.5987E+00  2.2463E-01  2.6752E-01  4.1167E-01  6.9667E-03 -1.2280E+00
  1.0000E+01  8.5987E+00  2.2463E-01  2.6752E-01  4.1167E-01  6.9667E-03 -1.2280E+00
  1.0000E+01  8.5987E+00  2.2463E-01  2.6752E-01  4.1167E-01  6.9667E-03 -1.2280E+00
  1.0000E+01  8.5987E+00  2.2463E-01  2.6752E-01  4.1167E-01  6.9667E-03 -1.2280E+00
  1.0000E+01  8.5987E+00  2.2463E-01  2.6752E-01  4.1167E-01  6.9667E-03 -1.2280E+00
  1.0000E+01  8.5987E+00  2.2463E-01  2.6752E-01  4.1167E-01  6.9667E-03 -1.2280E+00
  1.0000E+01  8.5987E+00  2.2463E-01  2.6752E-01  4.1167E-01  6.9667E-03 -1.2280E+00
  1.1000E+01  8.2481E+00  1.7132E-01  1.5568E+00  1.4074E-01 -3.4657E-02  5.3314E-01
  1.1000E+01  8.2481E+00  1.7132E-01  1.5568E+00  1.4074E-01 -3.4657E-02  5.3314E-01
  1.1000E+01  8.2481E+00  1.7132E-01  1.5568E+00  1.4074E-01 -3.4657E-02  5.3314E-01
  1.1000E+01  8.2481E+00  1.7132E-01  1.5568E+00  1.4074E-01 -3.4657E-02  5.3314E-01
  1.1000E+01  8.2481E+00  1.7132E-01  1.5568E+00  1.4074E-01 -3.4657E-02  5.3314E-01
  1.1000E+01  8.2481E+00  1.7132E-01  1.5568E+00  1.4074E-01 -3.4657E-02  5.3314E-01
  1.1000E+01  8.2481E+00  1.7132E-01  1.5568E+00  1.4074E-01 -3.4657E-02  5.3314E-01
  1.1000E+01  8.2481E+00  1.7132E-01  1.5568E+00  1.4074E-01 -3.4657E-02  5.3314E-01
  1.1000E+01  8.2481E+00  1.7132E-01  1.5568E+00  1.4074E-01 -3.4657E-02  5.3314E-01
  1.2000E+01  8.2526E+00  1.5715E-01  7.2371E-01  5.4432E-02 -3.4109E-02 -2.3285E-01
  1.2000E+01  8.2526E+00  1.5715E-01  7.2371E-01  5.4432E-02 -3.4109E-02 -2.3285E-01
  1.2000E+01  8.2526E+00  1.5715E-01  7.2371E-01  5.4432E-02 -3.4109E-02 -2.3285E-01
  1.2000E+01  8.2526E+00  1.5715E-01  7.2371E-01  5.4432E-02 -3.4109E-02 -2.3285E-01
  1.2000E+01  8.2526E+00  1.5715E-01  7.2371E-01  5.4432E-02 -3.4109E-02 -2.3285E-01
  1.2000E+01  8.2526E+00  1.5715E-01  7.2371E-01  5.4432E-02 -3.4109E-02 -2.3285E-01
  1.2000E+01  8.2526E+00  1.5715E-01  7.2371E-01  5.4432E-02 -3.4109E-02 -2.3285E-01
  1.2000E+01  8.2526E+00  1.5715E-01  7.2371E-01  5.4432E-02 -3.4109E-02 -2.3285E-01
  1.2000E+01  8.2526E+00  1.5715E-01  7.2371E-01  5.4432E-02 -3.4109E-02 -2.3285E-01
  1.3000E+01  7.2001E+00  1.5184E-01  2.3047E-01  2.0042E-02 -1.7055E-01 -1.3771E+00
  1.3000E+01  7.2001E+00  1.5184E-01  2.3047E-01  2.0042E-02 -1.7055E-01 -1.3771E+00
  1.3000E+01  7.2001E+00  1.5184E-01  2.3047E-01  2.0042E-02 -1.7055E-01 -1.3771E+00
  1.3000E+01  7.2001E+00  1.5184E-01  2.3047E-01  2.0042E-02 -1.7055E-01 -1.3771E+00
  1.3000E+01  7.2001E+00  1.5184E-01  2.3047E-01  2.0042E-02 -1.7055E-01 -1.3771E+00
  1.3000E+01  7.2001E+00  1.5184E-01  2.3047E-01  2.0042E-02 -1.7055E-01 -1.3771E+00
  1.3000E+01  7.2001E+00  1.5184E-01  2.3047E-01  2.0042E-02 -1.7055E-01 -1.3771E+00
  1.3000E+01  7.2001E+00  1.5184E-01  2.3047E-01  2.0042E-02 -1.7055E-01 -1.3771E+00
  1.3000E+01  7.2001E+00  1.5184E-01  2.3047E-01  2.0042E-02 -1.7055E-01 -1.3771E+00
  1.4000E+01  8.1415E+00  9.8840E-02  8.9756E-01 -4.0929E-01 -4.7667E-02 -1.7561E-02
  1.4000E+01  8.1415E+00  9.8840E-02  8.9756E-01 -4.0929E-01 -4.7667E-02 -1.7561E-02
  1.4000E+01  8.1415E+00  9.8840E-02  8.9756E-01 -4.0929E-01 -4.7667E-02 -1.7561E-02
  1.4000E+01  8.1415E+00  9.8840E-02  8.9756E-01 -4.0929E-01 -4.7667E-02 -1.7561E-02
  1.4000E+01  8.1415E+00  9.8840E-02  8.9756E-01 -4.0929E-01 -4.7667E-02 -1.7561E-02
  1.4000E+01  8.1415E+00  9.8840E-02  8.9756E-01 -4.0929E-01 -4.7667E-02 -1.7561E-02
  1.4000E+01  8.1415E+00  9.8840E-02  8.9756E-01 -4.0929E-01 -4.7667E-02 -1.7561E-02
  1.4000E+01  8.1415E+00  9.8840E-02  8.9756E-01 -4.0929E-01 -4.7667E-02 -1.7561E-02
  1.4000E+01  8.1415E+00  9.8840E-02  8.9756E-01 -4.0929E-01 -4.7667E-02 -1.7561E-02
  1.5000E+01  9.6407E+00  1.3650E-01  2.4070E+00 -8.6502E-02  1.2136E-01  9.6888E-01
  1.5000E+01  9.6407E+00  1.3650E-01  2.4070E+00 -8.6502E-02  1.2136E-01  9.6888E-01
  1.5000E+01  9.6407E+00  1.3650E-01  2.4070E+00 -8.6502E-02  1.2136E-01  9.6888E-01
  1.5000E+01  9.6407E+00  1.3650E-01  2.4070E+00 -8.6502E-02  1.2136E-01  9.6888E-01
  1.5000E+01  9.6407E+00  1.3650E-01  2.4070E+00 -8.6502E-02  1.2136E-01  9.6888E-01
  1.5000E+01  9.6407E+00  1.3650E-01  2.4070E+00 -8.6502E-02  1.2136E-01  9.6888E-01
  1.5000E+01  9.6407E+00  1.3650E-01  2.4070E+00 -8.6502E-02  1.2136E-01  9.6888E-01
  1.5000E+01  9.6407E+00  1.3650E-01  2.4070E+00 -8.6502E-02  1.2136E-01  9.6888E-01
  1.5000E+01  9.6407E+00  1.3650E-01  2.4070E+00 -8.6502E-02  1.2136E-01  9.6888E-01
  1.6000E+01  7.7943E+00  1.6296E-01  9.7307E-01  9.0735E-02 -9.1248E-02  6.3214E-02
  1.6000E+01  7.7943E+00  1.6296E-01  9.7307E-01  9.0735E-02 -9.1248E-02  6.3214E-02
  1.6000E+01  7.7943E+00  1.6296E-01  9.7307E-01  9.0735E-02 -9.1248E-02  6.3214E-02
  1.6000E+01  7.7943E+00  1.6296E-01  9.7307E-01  9.0735E-02 -9.1248E-02  6.3214E-02
  1.6000E+01  7.7943E+00  1.6296E-01  9.7307E-01  9.0735E-02 -9.1248E-02  6.3214E-02
  1.6000E+01  7.7943E+00  1.6296E-01  9.7307E-01  9.0735E-02 -9.1248E-02  6.3214E-02
  1.6000E+01  7.7943E+00  1.6296E-01  9.7307E-01  9.0735E-02 -9.1248E-02  6.3214E-02
  1.6000E+01  7.7943E+00  1.6296E-01  9.7307E-01  9.0735E-02 -9.1248E-02  6.3214E-02
  1.6000E+01  7.7943E+00  1.6296E-01  9.7307E-01  9.0735E-02 -9.1248E-02  6.3214E-02
  1.7000E+01  7.8796E+00  2.4039E-01  8.4221E-01  4.7948E-01 -8.0361E-02 -8.1210E-02
  1.7000E+01  7.8796E+00  2.4039E-01  8.4221E-01  4.7948E-01 -8.0361E-02 -8.1210E-02
  1.7000E+01  7.8796E+00  2.4039E-01  8.4221E-01  4.7948E-01 -8.0361E-02 -8.1210E-02
  1.7000E+01  7.8796E+00  2.4039E-01  8.4221E-01  4.7948E-01 -8.0361E-02 -8.1210E-02
  1.7000E+01  7.8796E+00  2.4039E-01  8.4221E-01  4.7948E-01 -8.0361E-02 -8.1210E-02
  1.7000E+01  7.8796E+00  2.4039E-01  8.4221E-01  4.7948E-01 -8.0361E-02 -8.1210E-02
  1.7000E+01  7.8796E+00  2.4039E-01  8.4221E-01  4.7948E-01 -8.0361E-02 -8.1210E-02
  1.7000E+01  7.8796E+00  2.4039E-01  8.4221E-01  4.7948E-01 -8.0361E-02 -8.1210E-02
  1.7000E+01  7.8796E+00  2.4039E-01  8.4221E-01  4.7948E-01 -8.0361E-02 -8.1210E-02
  1.8000E+01  8.5253E+00  1.2903E-01  3.0293E+00 -1.4271E-01 -1.6012E-03  1.1989E+00
  1.8000E+01  8.5253E+00  1.2903E-01  3.0293E+00 -1.4271E-01 -1.6012E-03  1.1989E+00
  1.8000E+01  8.5253E+00  1.2903E-01  3.0293E+00 -1.4271E-01 -1.6012E-03  1.1989E+00
  1.8000E+01  8.5253E+00  1.2903E-01  3.0293E+00 -1.4271E-01 -1.6012E-03  1.1989E+00
  1.8000E+01  8.5253E+00  1.2903E-01  3.0293E+00 -1.4271E-01 -1.6012E-03  1.1989E+00
  1.8000E+01  8.5253E+00  1.2903E-01  3.0293E+00 -1.4271E-01 -1.6012E-03  1.1989E+00
  1.8000E+01  8.5253E+00  1.2903E-01  3.0293E+00 -1.4271E-01 -1.6012E-03  1.1989E+00
  1.8000E+01  8.5253E+00  1.2903E-01  3.0293E+00 -1.4271E-01 -1.6012E-03  1.1989E+00
  1.8000E+01  8.5253E+00  1.2903E-01  3.0293E+00 -1.4271E-01 -1.6012E-03  1.1989E+00
  1.9000E+01  8.9395E+00  1.4568E-01  7.8883E-01 -2.1374E-02  4.5842E-02 -1.4670E-01
  1.9000E+01  8.9395E+00  1.4568E-01  7.8883E-01 -2.1374E-02  4.5842E-02 -1.4670E-01
  1.9000E+01  8.9395E+00  1.4568E-01  7.8883E-01 -2.1374E-02  4.5842E-02 -1.4670E-01
  1.9000E+01  8.9395E+00  1.4568E-01  7.8883E-01 -2.1374E-02  4.5842E-02 -1.4670E-01
  1.9000E+01  8.9395E+00  1.4568E-01  7.8883E-01 -2.1374E-02  4.5842E-02 -1.4670E-01
  1.9000E+01  8.9395E+00  1.4568E-01  7.8883E-01 -2.1374E-02  4.5842E-02 -1.4670E-01
  1.9000E+01  8.9395E+00  1.4568E-01  7.8883E-01 -2.1374E-02  4.5842E-02 -1.4670E-01
  1.9000E+01  8.9395E+00  1.4568E-01  7.8883E-01 -2.1374E-02  4.5842E-02 -1.4670E-01
  1.9000E+01  8.9395E+00  1.4568E-01  7.8883E-01 -2.1374E-02  4.5842E-02 -1.4670E-01
  2.0000E+01  1.0552E+01  1.5853E-01  2.9878E+00  6.3181E-02  2.1163E-01  1.1850E+00
  2.0000E+01  1.0552E+01  1.5853E-01  2.9878E+00  6.3181E-02  2.1163E-01  1.1850E+00
  2.0000E+01  1.0552E+01  1.5853E-01  2.9878E+00  6.3181E-02  2.1163E-01  1.1850E+00
  2.0000E+01  1.0552E+01  1.5853E-01  2.9878E+00  6.3181E-02  2.1163E-01  1.1850E+00
  2.0000E+01  1.0552E+01  1.5853E-01  2.9878E+00  6.3181E-02  2.1163E-01  1.1850E+00
  2.0000E+01  1.0552E+01  1.5853E-01  2.9878E+00  6.3181E-02  2.1163E-01  1.1850E+00
  2.0000E+01  1.0552E+01  1.5853E-01  2.9878E+00  6.3181E-02  2.1163E-01  1.1850E+00
  2.0000E+01  1.0552E+01  1.5853E-01  2.9878E+00  6.3181E-02  2.1163E-01  1.1850E+00
  2.0000E+01  1.0552E+01  1.5853E-01  2.9878E+00  6.3181E-02  2.1163E-01  1.1850E+00
  2.1000E+01  8.7026E+00  1.3935E-01  3.8703E-01 -6.5809E-02  1.8982E-02 -8.5874E-01
  2.1000E+01  8.7026E+00  1.3935E-01  3.8703E-01 -6.5809E-02  1.8982E-02 -8.5874E-01
  2.1000E+01  8.7026E+00  1.3935E-01  3.8703E-01 -6.5809E-02  1.8982E-02 -8.5874E-01
  2.1000E+01  8.7026E+00  1.3935E-01  3.8703E-01 -6.5809E-02  1.8982E-02 -8.5874E-01
  2.1000E+01  8.7026E+00  1.3935E-01  3.8703E-01 -6.5809E-02  1.8982E-02 -8.5874E-01
  2.1000E+01  8.7026E+00  1.3935E-01  3.8703E-01 -6.5809E-02  1.8982E-02 -8.5874E-01
  2.1000E+01  8.7026E+00  1.3935E-01  3.8703E-01 -6.5809E-02  1.8982E-02 -8.5874E-01
  2.1000E+01  8.7026E+00  1.3935E-01  3.8703E-01 -6.5809E-02  1.8982E-02 -8.5874E-01
  2.1000E+01  8.7026E+00  1.3935E-01  3.8703E-01 -6.5809E-02  1.8982E-02 -8.5874E-01
  2.2000E+01  1.0562E+01  1.5909E-01  8.8625E-01  6.6679E-02  2.1258E-01 -3.0245E-02
  2.2000E+01  1.0562E+01  1.5909E-01  8.8625E-01  6.6679E-02  2.1258E-01 -3.0245E-02
  2.2000E+01  1.0562E+01  1.5909E-01  8.8625E-01  6.6679E-02  2.1258E-01 -3.0245E-02
  2.2000E+01  1.0562E+01  1.5909E-01  8.8625E-01  6.6679E-02  2.1258E-01 -3.0245E-02
  2.2000E+01  1.0562E+01  1.5909E-01  8.8625E-01  6.6679E-02  2.1258E-01 -3.0245E-02
  2.2000E+01  1.0562E+01  1.5909E-01  8.8625E-01  6.6679E-02  2.1258E-01 -3.0245E-02
  2.2000E+01  1.0562E+01  1.5909E-01  8.8625E-01  6.6679E-02  2.1258E-01 -3.0245E-02
  2.2000E+01  1.0562E+01  1.5909E-01  8.8625E-01  6.6679E-02  2.1258E-01 -3.0245E-02
  2.2000E+01  1.0562E+01  1.5909E-01  8.8625E-01  6.6679E-02  2.1258E-01 -3.0245E-02
  2.3000E+01  8.3902E+00  1.3545E-01  6.7493E-01 -9.4218E-02 -1.7581E-02 -3.0263E-01
  2.3000E+01  8.3902E+00  1.3545E-01  6.7493E-01 -9.4218E-02 -1.7581E-02 -3.0263E-01
  2.3000E+01  8.3902E+00  1.3545E-01  6.7493E-01 -9.4218E-02 -1.7581E-02 -3.0263E-01
  2.3000E+01  8.3902E+00  1.3545E-01  6.7493E-01 -9.4218E-02 -1.7581E-02 -3.0263E-01
  2.3000E+01  8.3902E+00  1.3545E-01  6.7493E-01 -9.4218E-02 -1.7581E-02 -3.0263E-01
  2.3000E+01  8.3902E+00  1.3545E-01  6.7493E-01 -9.4218E-02 -1.7581E-02 -3.0263E-01
  2.3000E+01  8.3902E+00  1.3545E-01  6.7493E-01 -9.4218E-02 -1.7581E-02 -3.0263E-01
  2.3000E+01  8.3902E+00  1.3545E-01  6.7493E-01 -9.4218E-02 -1.7581E-02 -3.0263E-01
  2.3000E+01  8.3902E+00  1.3545E-01  6.7493E-01 -9.4218E-02 -1.7581E-02 -3.0263E-01
  2.4000E+01  8.3261E+00  1.0697E-01  2.5395E-01 -3.3027E-01 -2.5245E-02 -1.2801E+00
  2.4000E+01  8.3261E+00  1.0697E-01  2.5395E-01 -3.3027E-01 -2.5245E-02 -1.2801E+00
  2.4000E+01  8.3261E+00  1.0697E-01  2.5395E-01 -3.3027E-01 -2.5245E-02 -1.2801E+00
  2.4000E+01  8.3261E+00  1.0697E-01  2.5395E-01 -3.3027E-01 -2.5245E-02 -1.2801E+00
  2.4000E+01  8.3261E+00  1.0697E-01  2.5395E-01 -3.3027E-01 -2.5245E-02 -1.2801E+00
  2.4000E+01  8.3261E+00  1.0697E-01  2.5395E-01 -3.3027E-01 -2.5245E-02 -1.2801E+00
  2.4000E+01  8.3261E+00  1.0697E-01  2.5395E-01 -3.3027E-01 -2.5245E-02 -1.2801E+00
  2.4000E+01  8.3261E+00  1.0697E-01  2.5395E-01 -3.3027E-01 -2.5245E-02 -1.2801E+00
  2.4000E+01  8.3261E+00  1.0697E-01  2.5395E-01 -3.3027E-01 -2.5245E-02 -1.2801E+00
  2.5000E+01  8.4919E+00  2.1552E-01  2.6357E-01  3.7025E-01 -5.5294E-03 -1.2429E+00
  2.5000E+01  8.4919E+00  2.1552E-01  2.6357E-01  3.7025E-01 -5.5294E-03 -1.2429E+00
  2.5000E+01  8.4919E+00  2.1552E-01  2.6357E-01  3.7025E-01 -5.5294E-03 -1.2429E+00
  2.5000E+01  8.4919E+00  2.1552E-01  2.6357E-01  3.7025E-01 -5.5294E-03 -1.2429E+00
  2.5000E+01  8.4919E+00  2.1552E-01  2.6357E-01  3.7025E-01 -5.5294E-03 -1.2429E+00
  2.5000E+01  8.4919E+00  2.1552E-01  2.6357E-01  3.7025E-01 -5.5294E-03 -1.2429E+00
  2.5000E+01  8.4919E+00  2.1552E-01  2.6357E-01  3.7025E-01 -5.5294E-03 -1.2429E+00
  2.5000E+01  8.4919E+00  2.1552E-01  2.6357E-01  3.7025E-01 -5.5294E-03 -1.2429E+00
  2.5000E+01  8.4919E+00  2.1552E-01  2.6357E-01  3.7025E-01 -5.5294E-03 -1.2429E+00
  2.6000E+01  8.7191E+00  1.5172E-01  1.1679E+00  1.9232E-02  2.0876E-02  2.4572E-01
  2.6000E+01  8.7191E+00  1.5172E-01  1.1679E+00  1.9232E-02  2.0876E-02  2.4572E-01
  2.6000E+01  8.7191E+00  1.5172E-01  1.1679E+00  1.9232E-02  2.0876E-02  2.4572E-01
  2.6000E+01  8.7191E+00  1.5172E-01  1.1679E+00  1.9232E-02  2.0876E-02  2.4572E-01
  2.6000E+01  8.7191E+00  1.5172E-01  1.1679E+00  1.9232E-02  2.0876E-02  2.4572E-01
  2.6000E+01  8.7191E+00  1.5172E-01  1.1679E+00  1.9232E-02  2.0876E-02  2.4572E-01
  2.6000E+01  8.7191E+00  1.5172E-01  1.1679E+00  1.9232E-02  2.0876E-02  2.4572E-01
  2.6000E+01  8.7191E+00  1.5172E-01  1.1679E+00  1.9232E-02  2.0876E-02  2.4572E-01
  2.6000E+01  8.7191E+00  1.5172E-01  1.1679E+00  1.9232E-02  2.0876E-02  2.4572E-01
  2.7000E+01  8.5505E+00  1.9316E-01  8.2776E-01  2.6071E-01  1.3480E-03 -9.8515E-02
  2.7000E+01  8.5505E+00  1.9316E-01  8.2776E-01  2.6071E-01  1.3480E-03 -9.8515E-02
  2.7000E+01  8.5505E+00  1.9316E-01  8.2776E-01  2.6071E-01  1.3480E-03 -9.8515E-02
  2.7000E+01  8.5505E+00  1.9316E-01  8.2776E-01  2.6071E-01  1.3480E-03 -9.8515E-02
  2.7000E+01  8.5505E+00  1.9316E-01  8.2776E-01  2.6071E-01  1.3480E-03 -9.8515E-02
  2.7000E+01  8.5505E+00  1.9316E-01  8.2776E-01  2.6071E-01  1.3480E-03 -9.8515E-02
  2.7000E+01  8.5505E+00  1.9316E-01  8.2776E-01  2.6071E-01  1.3480E-03 -9.8515E-02
  2.7000E+01  8.5505E+00  1.9316E-01  8.2776E-01  2.6071E-01  1.3480E-03 -9.8515E-02
  2.7000E+01  8.5505E+00  1.9316E-01  8.2776E-01  2.6071E-01  1.3480E-03 -9.8515E-02
  2.8000E+01  7.2430E+00  2.1519E-01  1.4075E+00  3.6874E-01 -1.6461E-01  4.3231E-01
  2.8000E+01  7.2430E+00  2.1519E-01  1.4075E+00  3.6874E-01 -1.6461E-01  4.3231E-01
  2.8000E+01  7.2430E+00  2.1519E-01  1.4075E+00  3.6874E-01 -1.6461E-01  4.3231E-01
  2.8000E+01  7.2430E+00  2.1519E-01  1.4075E+00  3.6874E-01 -1.6461E-01  4.3231E-01
  2.8000E+01  7.2430E+00  2.1519E-01  1.4075E+00  3.6874E-01 -1.6461E-01  4.3231E-01
  2.8000E+01  7.2430E+00  2.1519E-01  1.4075E+00  3.6874E-01 -1.6461E-01  4.3231E-01
  2.8000E+01  7.2430E+00  2.1519E-01  1.4075E+00  3.6874E-01 -1.6461E-01  4.3231E-01
  2.8000E+01  7.2430E+00  2.1519E-01  1.4075E+00  3.6874E-01 -1.6461E-01  4.3231E-01
  2.8000E+01  7.2430E+00  2.1519E-01  1.4075E+00  3.6874E-01 -1.6461E-01  4.3231E-01
  2.9000E+01  8.9191E+00  1.3261E-01  4.3176E-01 -1.1541E-01  4.3549E-02 -7.4937E-01
  2.9000E+01  8.9191E+00  1.3261E-01  4.3176E-01 -1.1541E-01  4.3549E-02 -7.4937E-01
  2.9000E+01  8.9191E+00  1.3261E-01  4.3176E-01 -1.1541E-01  4.3549E-02 -7.4937E-01
  2.9000E+01  8.9191E+00  1.3261E-01  4.3176E-01 -1.1541E-01  4.3549E-02 -7.4937E-01
  2.9000E+01  8.9191E+00  1.3261E-01  4.3176E-01 -1.1541E-01  4.3549E-02 -7.4937E-01
  2.9000E+01  8.9191E+00  1.3261E-01  4.3176E-01 -1.1541E-01  4.3549E-02 -7.4937E-01
  2.9000E+01  8.9191E+00  1.3261E-01  4.3176E-01 -1.1541E-01  4.3549E-02 -7.4937E-01
  2.9000E+01  8.9191E+00  1.3261E-01  4.3176E-01 -1.1541E-01  4.3549E-02 -7.4937E-01
  2.9000E+01  8.9191E+00  1.3261E-01  4.3176E-01 -1.1541E-01  4.3549E-02 -7.4937E-01
  3.0000E+01  7.7085E+00  7.7438E-02  1.1773E+00 -6.5332E-01 -1.0232E-01  2.5373E-01
  3.0000E+01  7.7085E+00  7.7438E-02  1.1773E+00 -6.5332E-01 -1.0232E-01  2.5373E-01
  3.0000E+01  7.7085E+00  7.7438E-02  1.1773E+00 -6.5332E-01 -1.0232E-01  2.5373E-01
  3.0000E+01  7.7085E+00  7.7438E-02  1.1773E+00 -6.5332E-01 -1.0232E-01  2.5373E-01
  3.0000E+01  7.7085E+00  7.7438E-02  1.1773E+00 -6.5332E-01 -1.0232E-01  2.5373E-01
  3.0000E+01  7.7085E+00  7.7438E-02  1.1773E+00 -6.5332E-01 -1.0232E-01  2.5373E-01
  3.0000E+01  7.7085E+00  7.7438E-02  1.1773E+00 -6.5332E-01 -1.0232E-01  2.5373E-01
  3.0000E+01  7.7085E+00  7.7438E-02  1.1773E+00 -6.5332E-01 -1.0232E-01  2.5373E-01
  3.0000E+01  7.7085E+00  7.7438E-02  1.1773E+00 -6.5332E-01 -1.0232E-01  2.5373E-01
  3.1000E+01  9.1720E+00  1.8346E-01  8.2052E-01  2.0923E-01  7.1517E-02 -1.0730E-01
  3.1000E+01  9.1720E+00  1.8346E-01  8.2052E-01  2.0923E-01  7.1517E-02 -1.0730E-01
  3.1000E+01  9.1720E+00  1.8346E-01  8.2052E-01  2.0923E-01  7.1517E-02 -1.0730E-01
  3.1000E+01  9.1720E+00  1.8346E-01  8.2052E-01  2.0923E-01  7.1517E-02 -1.0730E-01
  3.1000E+01  9.1720E+00  1.8346E-01  8.2052E-01  2.0923E-01  7.1517E-02 -1.0730E-01
  3.1000E+01  9.1720E+00  1.8346E-01  8.2052E-01  2.0923E-01  7.1517E-02 -1.0730E-01
  3.1000E+01  9.1720E+00  1.8346E-01  8.2052E-01  2.0923E-01  7.1517E-02 -1.0730E-01
  3.1000E+01  9.1720E+00  1.8346E-01  8.2052E-01  2.0923E-01  7.1517E-02 -1.0730E-01
  3.1000E+01  9.1720E+00  1.8346E-01  8.2052E-01  2.0923E-01  7.1517E-02 -1.0730E-01
  3.2000E+01  8.8765E+00  1.6962E-01  1.2786E+00  1.3077E-01  3.8770E-02  3.3630E-01
  3.2000E+01  8.8765E+00  1.6962E-01  1.2786E+00  1.3077E-01  3.8770E-02  3.3630E-01
  3.2000E+01  8.8765E+00  1.6962E-01  1.2786E+00  1.3077E-01  3.8770E-02  3.3630E-01
  3.2000E+01  8.8765E+00  1.6962E-01  1.2786E+00  1.3077E-01  3.8770E-02  3.3630E-01
  3.2000E+01  8.8765E+00  1.6962E-01  1.2786E+00  1.3077E-01  3.8770E-02  3.3630E-01
  3.2000E+01  8.8765E+00  1.6962E-01  1.2786E+00  1.3077E-01  3.8770E-02  3.3630E-01
  3.2000E+01  8.8765E+00  1.6962E-01  1.2786E+00  1.3077E-01  3.8770E-02  3.3630E-01
  3.2000E+01  8.8765E+00  1.6962E-01  1.2786E+00  1.3077E-01  3.8770E-02  3.3630E-01
  3.2000E+01  8.8765E+00  1.6962E-01  1.2786E+00  1.3077E-01  3.8770E-02  3.3630E-01
